%YAML:1.0
---
vocabulary: !!opencv-matrix
   rows: 1
   cols: 512
   dt: f
   data: [ -6.29701912e-01, 7.04625726e-01, 2.42519662e-01,
       -1.71426669e-01, -5.59824884e-01, -2.32853755e-01, 6.23211205e-01,
       1.03761688e-01, -4.24719930e-01, 7.74091542e-01, -2.76704073e-01,
       -9.26605761e-01, 5.44998288e-01, -9.98459339e-01, -1.18905866e+00,
       -1.41189508e-02, 9.04246092e-01, 8.27786326e-01, 5.68572164e-01,
       7.16915503e-02, -1.09127183e-02, -6.95529759e-01, 7.10551143e-01,
       -1.90031812e-01, -7.11109877e-01, 2.68432498e-01, -7.50542954e-02,
       -7.41250336e-01, 1.63943231e-01, 2.13537365e-01, -4.77539778e-01,
       -5.04377723e-01, 3.25003326e-01, -4.96908337e-01, -3.06687653e-01,
       -9.11416173e-01, 7.53794014e-01, 9.56215382e-01, 1.38204113e-01,
       -3.38618904e-01, 3.56204480e-01, 6.18796706e-01, 7.13254273e-01,
       -6.35752439e-01, 3.57109129e-01, 1.38888538e-01, -2.65062124e-01,
       3.07952166e-01, -2.53490984e-01, 4.94681716e-01, 6.37144923e-01,
       -7.64251411e-01, 4.92400318e-01, -3.84705782e-01, 1.12739694e+00,
       -1.06363744e-01, -7.15008900e-02, 4.42238897e-01, -2.50776768e-01,
       9.44845855e-01, -3.71027797e-01, 1.83225647e-01, 2.84771562e-01,
       5.29352605e-01, -3.37665647e-01, -8.91142860e-02, 4.04973000e-01,
       1.34002090e-01, 7.18390048e-01, -4.01278049e-01, -4.47398037e-01,
       6.95593715e-01, 5.87690771e-01, 3.18284124e-01, 1.02047181e+00,
       -3.36145461e-01, -3.71155113e-01, -1.18220441e-01, 3.39038163e-01,
       2.44885817e-01, -4.69889849e-01, -2.62338668e-01, -3.85584354e-01,
       3.83778304e-01, 1.47874311e-01, 8.58234107e-01, 7.38769233e-01,
       8.09814394e-01, -8.94705504e-02, 7.40317285e-01, -6.08629286e-01,
       -1.95438862e-01, -2.67324597e-03, -1.34659216e-01,
       -6.73379064e-01, 4.29683059e-01, -1.89220175e-01, -1.46294525e-02,
       4.51727472e-02, -1.86900452e-01, -4.05869007e-01, 9.40735638e-03,
       -1.47536963e-01, -1.64068326e-01, -7.48740137e-02,
       -5.77539802e-02, 8.33599508e-01, -4.86844689e-01, 2.11444572e-01,
       -3.54874611e-01, -8.46786350e-02, 3.05924058e-01, -2.31636837e-01,
       -9.05384660e-01, -4.39082712e-01, 9.16286826e-01, -6.03124499e-01,
       -7.83238292e-01, 5.77314794e-01, -9.83663261e-01, 6.65018380e-01,
       -1.09688222e+00, -5.50266588e-03, -1.26107067e-01, 6.77308977e-01,
       -5.13173819e-01, 8.11708927e-01, -3.19842309e-01, 7.11485557e-03,
       -1.66702569e-01, -5.51528633e-01, 5.75604796e-01, -1.57697469e-01,
       2.77899504e-01, -6.05069816e-01, -9.44732781e-03, 1.75271168e-01,
       -5.33208847e-01, -1.48962557e+00, -7.91228533e-01, 4.74915542e-02,
       1.38019994e-01, -6.02007449e-01, -1.24543257e-01, 1.32337108e-01,
       2.99524188e-01, 5.12213945e-01, 5.95200300e-01, 1.92293823e-01,
       -3.70522261e-01, -4.83829558e-01, 3.53749812e-01, 7.50779733e-02,
       9.11094606e-01, -5.02430759e-02, -4.35679287e-01, 3.20175402e-02,
       6.90451384e-01, 1.95550770e-01, -2.74626553e-01, -1.43184948e+00,
       -3.97520393e-01, 9.09773409e-01, -5.08611202e-01, 3.15203518e-01,
       -7.34736979e-01, -2.52481312e-01, 2.24718645e-01, -1.25472629e+00,
       1.00637555e+00, 3.32412362e-01, 1.89952869e-02, 4.65887904e-01,
       3.54863077e-01, 5.18309772e-01, -2.51869053e-01, -2.09943891e-01,
       2.19771907e-01, 3.08969617e-01, 2.83118904e-01, -1.43203914e-01,
       1.58388138e-01, -2.84612149e-01, 2.99045980e-01, -7.62359500e-01,
       7.42778182e-01, 3.53503734e-01, 1.13573022e-01, -1.91920158e-02,
       2.25531220e-01, 1.79078709e-02, 2.34620124e-02, 3.74758333e-01,
       -5.07853590e-02, 2.97274292e-01, 1.38172314e-01, -2.08327115e-01,
       1.56439483e-01, 4.20767516e-02, -4.86148864e-01, 2.92599481e-03,
       -7.57851973e-02, -1.35937169e-01, 1.07335046e-01, -9.86124352e-02,
       -4.70946282e-01, -5.95950067e-01, -5.80108762e-01, 3.87169659e-01,
       7.71089554e-01, 2.82981284e-02, 2.58926600e-02, -2.17416316e-01,
       2.72722095e-01, 7.80120254e-01, 1.62977472e-01, -2.67721623e-01,
       -3.90928507e-01, 6.61696494e-02, -5.53693343e-03, -1.05022836e+00,
       8.02311063e-01, 6.54378653e-01, 4.13013786e-01, -3.96060735e-01,
       -5.61979294e-01, -5.73119700e-01, 1.77665725e-02, 3.17613244e-01,
       5.05553722e-01, -3.95173401e-01, 5.74851036e-01, 3.78320143e-02,
       -7.63929263e-03, 3.32694761e-02, 2.23867610e-01, -6.54790044e-01,
       1.35503784e-01, 3.16666275e-01, -7.48057544e-01, 3.90436590e-01,
       -5.96108675e-01, -2.02132836e-01, 3.62107038e-01, 7.32156709e-02,
       -7.42951185e-02, 3.62753421e-01, -3.25814396e-01, -9.06659961e-01,
       3.65496933e-01, 3.01720053e-01, 6.83040380e-01, -2.42248163e-01,
       -7.99562275e-01, 3.51925015e-01, 8.15732330e-02, -4.25239772e-01,
       -3.03748220e-01, -7.61989713e-01, -4.09521639e-01, 1.59046695e-01,
       -4.80667561e-01, 2.50608772e-01, -6.16210461e-01, 5.67626119e-01,
       -1.44702479e-01, 2.71051586e-01, -1.63674593e-01, 8.86276305e-01,
       -2.49144375e-01, 3.60000223e-01, -2.49487311e-01, 8.51383135e-02,
       5.94284296e-01, -1.90795869e-01, -1.53277397e-01, -2.19033435e-01,
       3.72262537e-01, 1.58920102e-02, -2.97825128e-01, -2.65789986e-01,
       -1.95700884e-01, 4.63898361e-01, -1.38410345e-01, -2.06341252e-01,
       -2.11175606e-01, 3.57387125e-01, -4.48553488e-02, -3.95987123e-01,
       8.61250907e-02, 7.50715077e-01, -1.92786604e-01, 2.86310077e-01,
       2.67884314e-01, -1.93802774e-01, -1.12573486e-02, 3.83924693e-01,
       -4.53844965e-02, -2.94514179e-01, -3.46008450e-01, 2.82135069e-01,
       -2.06955932e-02, -2.95053899e-01, -2.02164933e-01, 8.52267444e-01,
       -3.84204090e-01, -4.05361429e-02, 3.90930995e-02, 5.34692824e-01,
       6.51659891e-02, 2.13059649e-01, -3.16410184e-01, -5.76738231e-02,
       4.39530574e-02, 1.55643433e-01, 3.72925848e-01, 1.31667173e+00,
       1.07228923e+00, -2.22823247e-01, -1.78388149e-01, -1.11578815e-01,
       -4.25035059e-01, -5.37643172e-02, 9.58410203e-02, 1.43616483e-01,
       9.03611630e-02, -1.45326853e-01, 3.22656482e-01, 6.41113698e-01,
       -3.36474508e-01, -1.75492793e-01, -3.95289183e-01,
       -1.33918911e-01, 1.43053427e-01, 4.14673448e-01, 1.22033894e-01,
       -3.88417065e-01, 2.72673547e-01, -2.84225255e-01, 9.89975631e-02,
       5.95596246e-02, 1.02551091e+00, -2.20787555e-01, -3.38077545e-01,
       4.03389931e-01, 2.69422621e-01, 6.01418197e-01, 3.01019758e-01,
       7.78270215e-02, 4.08478081e-01, 9.07410979e-02, -1.32657483e-01,
       3.43943924e-01, -6.96146846e-01, 1.51402235e-01, 7.80692399e-01,
       7.71796286e-01, 4.96212184e-01, 3.48416746e-01, -1.54117659e-01,
       4.08686996e-01, 4.33074236e-01, -5.21860003e-01, -3.20931822e-01,
       5.45534015e-01, -6.02425098e-01, -5.11153460e-01, 6.96654320e-01,
       -1.94255039e-01, -1.22885740e+00, 5.70161819e-01, -5.81226885e-01,
       2.00346224e-02, 1.62551869e-02, -6.93155944e-01, -1.79928735e-01,
       -9.72652659e-02, 2.36995578e-01, 5.77720813e-02, -1.65394008e-01,
       1.17234914e-02, 2.31298789e-01, 9.12300944e-02, 2.74191238e-03,
       -7.60987550e-02, 1.07512567e-02, 8.09539676e-01, 2.63001561e-01,
       3.21728736e-01, 6.26538023e-02, 1.88609272e-01, -2.34585613e-01,
       -1.29442155e-01, 7.47749433e-02, -5.45916036e-02, -9.09828469e-02,
       1.52359366e-01, -2.71928936e-01, -4.14484531e-01, 1.46452621e-01,
       -8.68460715e-01, 1.36032236e+00, -1.32713914e-01, 1.23055547e-01,
       -3.93758476e-01, 3.56415706e-03, -3.16480577e-01, 6.74108922e-01,
       -8.06524813e-01, 4.35721815e-01, -3.94282579e-01, 1.19600236e+00,
       9.02026236e-01, 2.21321195e-01, -1.16699271e-01, 2.02546209e-01,
       8.63737524e-01, -8.55120897e-01, -5.25125824e-02, -6.17477238e-01,
       -2.15602770e-01, -4.79429774e-03, 7.59308398e-01, -3.76777321e-01,
       1.52684808e-01, -7.20639080e-02, -6.09276220e-02, 8.61389875e-01,
       3.52892190e-01, -4.31160517e-02, -3.63716990e-01, 1.09424237e-02,
