%YAML:1.0
---
vocabulary: !!opencv-matrix
   rows: 1
   cols: 512
   dt: f
   data: [ -5.50896466e-01, 3.84234712e-02, -1.98461011e-01,
       -8.86356890e-01, 7.76570290e-02, 1.07013822e+00, 9.70212936e-01,
       -5.16761601e-01, -8.69201362e-01, 6.41695619e-01, -9.66797948e-01,
       2.88753122e-01, 3.55378032e-01, -1.01649380e+00, -4.89959508e-01,
       1.05747864e-01, 4.94553328e-01, -7.92469904e-02, -5.16492426e-01,
       -8.52819204e-01, -4.28701818e-01, -2.03479266e+00, 6.47695184e-01,
       -8.07441831e-01, -1.14376307e+00, 1.39793260e-02, -3.65731925e-01,
       1.55919448e-01, -4.24984187e-01, -2.66193956e-01, 3.12253475e-01,
       7.80519903e-01, 5.94340444e-01, 3.45216170e-02, 3.70256156e-01,
       9.03270543e-02, -2.19594359e-01, 7.07457840e-01, -1.11396301e+00,
       1.47873437e+00, 9.02653217e-01, -1.12326920e-01, 2.36453727e-01,
       3.55505854e-01, 5.65553546e-01, 6.64319038e-01, -3.30444068e-01,
       9.67274249e-01, 8.73085380e-01, -8.28172207e-01, -5.83863795e-01,
       -4.96092260e-01, -1.71978191e-01, -4.99295086e-01, 7.22996712e-01,
       3.98650289e-01, -2.34731987e-01, 1.24035835e+00, 8.13677311e-01,
       4.05058488e-02, -7.96185553e-01, 3.26488674e-01, -3.02073807e-01,
       1.13465285e+00, 2.97119051e-01, 9.43159461e-01, 3.82483125e-01,
       5.46418965e-01, 1.15005016e+00, -1.42000556e+00, 5.14377654e-01,
       3.05380672e-01, 6.66851163e-01, 8.14867496e-01, 1.69406283e+00,
       -2.41535440e-01, -8.84059846e-01, -1.47936285e-01,
       -1.06774941e-01, 6.13937974e-01, -9.14652526e-01, 6.62194848e-01,
       1.54284999e-01, -5.23268223e-01, 9.68244672e-01, -1.83924273e-01,
       1.34813905e+00, -5.93890727e-01, 1.39328098e+00, 9.24896777e-01,
       5.99913836e-01, -6.69292629e-01, -8.76592398e-02, 3.78895342e-01,
       -6.65170133e-01, 9.45191383e-01, -3.82296264e-01, 6.06473029e-01,
       2.71971077e-01, 1.26538470e-01, 1.61345646e-01, 4.13438320e-01,
       1.19818127e+00, 5.69427311e-01, -1.57876706e+00, 4.97547418e-01,
       6.82167768e-01, 2.66898096e-01, -6.14047825e-01, -8.35341752e-01,
       1.15406990e-01, -2.64757723e-01, -2.84267932e-01, 6.66639507e-01,
       7.32034504e-01, 3.43492091e-01, 6.79073632e-01, 5.90924382e-01,
       -8.22576821e-01, 1.18123643e-01, 8.30785930e-01, 9.10059810e-02,
       1.35592103e+00, -2.21510768e-01, -3.25390428e-01, -1.29210734e+00,
       6.19661868e-01, 3.85055691e-01, -7.11924791e-01, -6.99766994e-01,
       1.14304161e+00, 8.77021551e-02, 1.00756156e+00, -1.92122325e-01,
       -5.69337964e-01, 2.01575398e+00, 2.11626649e-01, 6.64240897e-01,
       -1.62259534e-01, -7.16823518e-01, -1.15786862e+00,
       -4.50222269e-02, -5.81241250e-01, 7.35813618e-01, -1.77973181e-01,
       -2.81719327e-01, 1.14412713e+00, -5.18213093e-01, -4.35322762e-01,
       1.19872224e+00, -8.97477567e-01, -7.40566313e-01, 9.05637205e-01,
       4.33504075e-01, 7.87366152e-01, 1.06401491e+00, 1.28343642e+00,
       -1.13175407e-01, 9.50773239e-01, 1.25646567e+00, 3.76091972e-02,
       1.45505399e-01, 1.01411653e+00, -3.16776708e-02, -1.04671693e+00,
       5.75876832e-02, 7.56112039e-01, -4.54212397e-01, -5.28942645e-01,
       -2.93892249e-02, 1.38700616e+00, 6.58953786e-01, 9.64146078e-01,
       -5.80211461e-01, -6.95809782e-01, -9.22256827e-01,
       -1.55494916e+00, -5.97980738e-01, 8.97168815e-02, 2.56148458e-01,
       -5.28617203e-01, 2.59120286e-01, -3.73316795e-01, 1.42549407e+00,
       -7.10921288e-01, -4.24601547e-02, -4.01172340e-01,
       -1.12773049e+00, -6.54863477e-01, -1.97494805e-01, 1.08524002e-01,
       5.10825217e-01, 6.35889411e-01, 4.94018719e-02, 1.71155080e-01,
       2.01399416e-01, -1.23247877e-01, 4.68471348e-01, -8.24284628e-02,
       3.65430638e-02, -1.87295392e-01, -7.73738265e-01, -7.44216502e-01,
       6.63849175e-01, -6.52872920e-02, 1.49074093e-01, -1.19708583e-01,
       -9.27441895e-01, 4.59325433e-01, 1.12730041e-01, -5.11007965e-01,
       -5.52273095e-01, -8.98028493e-01, 3.02511483e-01, 9.62594390e-01,
       -4.49489027e-01, -1.42139718e-01, -8.69222403e-01, 4.17216837e-01,
       -1.63006842e-01, -4.59115565e-01, 8.47347140e-01, 1.31662619e+00,
       -4.99015182e-01, -3.08769941e-01, 1.33842587e-01, -1.73370934e+00,
       2.68653259e-02, 7.71501184e-01, -6.77842125e-02, 3.33086401e-02,
       8.51661682e-01, -3.34238052e-01, 6.82626128e-01, 6.28627464e-03,
       1.67133582e+00, -1.61189461e+00, 1.39414832e-01, -9.30954665e-02,
       -5.02514005e-01, -5.02408147e-01, 5.25403678e-01, 1.76519826e-01,
       1.48155510e-01, -3.74270499e-01, -1.16583407e+00, -1.16010571e+00,
       4.74281162e-02, -1.06776524e+00, -5.77206731e-01, 7.46483028e-01,
       3.38315755e-01, -4.29609150e-01, -2.56465673e-01, -7.48162270e-01,
       5.12288690e-01, 8.16397965e-01, -1.21965006e-01, 7.46105850e-01,
       -6.39911413e-01, 1.19790840e+00, 1.90145522e-01, -1.74271822e-01,
       1.47123829e-01, 5.04686952e-01, -7.19993711e-01, 8.38613033e-01,
       -4.99826372e-02, 1.56373012e+00, -1.19107172e-01, -5.83034568e-02,
       -2.99801648e-01, 3.46344620e-01, 6.22589350e-01, 2.26945460e-01,
       -5.33518970e-01, 2.53735721e-01, 9.01800513e-01, -3.88062038e-02,
       -3.44643861e-01, -3.15537840e-01, 6.16751671e-01, 1.45693809e-01,
       1.02919173e+00, 1.69935077e-01, -8.74056578e-01, -2.02122867e-01,
       4.93945181e-01, -1.38368642e+00, 2.22338200e+00, -3.43110591e-01,
       -7.52369940e-01, 5.85580051e-01, 1.95743397e-01, -1.00937414e+00,
       -3.99672419e-01, -1.21294498e-01, 1.52057362e+00, 5.06015599e-01,
       -9.27926421e-01, 6.25074446e-01, 2.82190964e-02, -2.05157518e-01,
       -4.13898379e-03, 1.19316542e+00, 6.31805062e-02, 5.90718925e-01,
       3.83603871e-01, -6.76207960e-01, 1.08950518e-01, -9.27050114e-02,
       6.77182138e-01, 4.57326055e-01, -1.24215744e-01, 4.80615526e-01,
       -1.25100446e+00, 8.07992756e-01, -8.25606465e-01, 1.88080227e+00,
       -1.05667993e-01, 3.88597548e-01, -1.24117112e+00, -2.47229099e-01,
       -1.23287551e-01, 2.35662505e-01, -7.81805754e-01, -4.81838167e-01,
       -5.23869991e-01, -6.00443900e-01, 3.94122154e-01, 1.24356902e+00,
       -1.83124352e+00, 6.10947192e-01, 2.28091218e-02, 4.53676507e-02,
       1.03946996e+00, -1.04696310e+00, -6.22140288e-01, -3.97160411e-01,
       -5.78863382e-01, 5.03792107e-01, 5.78354537e-01, 1.54625940e+00,
       -5.02913415e-01, 2.27394283e-01, 1.63975787e+00, 6.46509409e-01,
       3.92610103e-01, -8.81440520e-01, -6.96160197e-01, 9.09918994e-02,
       -2.85438508e-01, -3.04089993e-01, 4.32574213e-01, -1.36753440e+00,
       -1.22413790e+00, 1.19554758e+00, -1.06068470e-01, 3.11938673e-01,
       5.06783545e-01, -6.26462102e-01, -1.15255058e+00, -6.42155111e-01,
       9.43355113e-02, 1.64293540e+00, 1.31545091e+00, -3.98737997e-01,
       2.43278995e-01, -9.05601561e-01, -5.16094267e-01, 1.54046506e-01,
       3.10576528e-01, 8.55690897e-01, -3.35049719e-01, -1.62354434e+00,
       -6.54119626e-02, 5.15421987e-01, 2.53165573e-01, -2.04285666e-01,
       -4.16464120e-01, 7.48308122e-01, -1.13271356e+00, 5.34100473e-01,
       -3.15681309e-01, -9.56319571e-01, -1.24893591e-01, 4.85698462e-01,
       -5.20247757e-01, 1.73015475e+00, -1.21724695e-01, -7.21984804e-01,
       -1.68499142e-01, -1.90525639e+00, -7.34777808e-01,
       -3.75842184e-01, -1.05797553e+00, -6.82963252e-01, 3.48871112e-01,
       -9.82023418e-01, -1.50608587e+00, -3.72767627e-01, 1.97524631e+00,
       -6.69702053e-01, 7.10579872e-01, -1.28746495e-01, -1.70772120e-01,
       -6.32462800e-01, 6.97223365e-01, -3.17612588e-02, 1.44355953e-01,
       -1.80098563e-01, 2.58470416e-01, -3.73468667e-01, 1.45082995e-01,
       -1.50088161e-01, 6.55477881e-01, -9.02088583e-02, 8.93097699e-01,
       5.59711874e-01, -3.73603851e-01, -8.22439909e-01, -1.68705058e+00,
       9.12715733e-01, 1.41724300e+00, -2.58776128e-01, 5.10332584e-01,
       6.02781773e-01, 1.35982442e+00, -5.18739894e-02, 2.15584263e-02,
