%YAML:1.0
---
vocabulary: !!opencv-matrix
   rows: 1
   cols: 512
   dt: f
   data: [ 3.28760356e-01, 8.54386613e-02, 1.99500784e-01,
       1.19443431e-01, 4.34963666e-02, 2.52395391e-01, 1.14755321e+00,
       -2.38505259e-01, -4.73162889e-01, 5.51621199e-01, -1.88271075e-01,
       5.95975757e-01, 5.59019208e-01, -9.88399908e-02, 2.06470028e-01,
       -2.23073527e-01, 3.02931458e-01, 5.21600805e-03, 2.89578706e-01,
       9.53360975e-01, 1.07333386e+00, -4.15333033e-01, -8.39218557e-01,
       4.61428523e-01, -1.37439466e+00, 4.31841254e-01, 6.30306005e-02,
       -2.30510220e-01, 2.14357674e-02, 1.37093991e-01, -1.43236995e-01,
       -7.27531016e-01, -6.96780622e-01, 3.55220407e-01, -1.38257332e-02,
       1.23481646e-01, -1.52074650e-01, 9.22638237e-01, 1.31760335e+00,
       -4.61009622e-01, 1.16930753e-01, -8.54361892e-01, 3.85156162e-02,
       -7.81269252e-01, 6.35112301e-02, -1.15842879e-01, -1.37619388e+00,
       6.46998525e-01, 6.95472181e-01, -1.61237985e-01, 3.86810631e-01,
       3.85614693e-01, -6.49563789e-01, 2.40329504e-01, -1.72431731e+00,
       9.48304832e-01, 5.03533781e-01, 9.98652503e-02, 4.78918880e-01,
       9.12212804e-02, -9.09739971e-01, -1.44689694e-01, -2.71501839e-01,
       3.31918716e-01, 4.09086615e-01, 2.15407580e-01, 3.07498991e-01,
       7.10138738e-01, 3.73440862e-01, -2.72561610e-01, 4.76666391e-01,
       1.74324706e-01, 5.77969253e-01, 2.49137253e-01, 1.67497903e-01,
       5.95610738e-02, -3.62390392e-02, -7.06585348e-01, 5.18389523e-01,
       -2.20551848e-01, 9.98303175e-01, -3.41566145e-01, -3.47131908e-01,
       -2.42334064e-02, 7.50351012e-01, 4.38234031e-01, 3.43899429e-01,
       2.78873980e-01, -7.52806962e-01, 1.39357597e-01, -6.80070162e-01,
       3.00156832e-01, 4.29374009e-01, 1.10001832e-01, -1.28923059e-01,
       -4.19480562e-01, -6.64696172e-02, 5.34463301e-02, -3.90917510e-02,
       8.81622970e-01, -5.64967752e-01, 8.53241146e-01, 2.53332883e-01,
       6.14282489e-01, 4.24023986e-01, -6.49173021e-01, -4.34759736e-01,
       -5.88915706e-01, 1.48071460e-02, -8.65751863e-01, 7.50374436e-01,
       2.33025581e-01, 3.19427699e-01, -2.25969568e-01, 1.37668326e-01,
       -6.16234004e-01, -6.35547489e-02, 2.28456140e-01, 2.85996050e-01,
       1.11506566e-01, -5.28944097e-02, -1.24022818e+00, 1.05573058e+00,
       2.41641760e-01, 6.03654981e-01, 2.00003415e-01, -1.32037461e-01,
       1.42300110e-02, -4.06272054e-01, 8.35028529e-01, 2.79813968e-02,
       -1.76491231e-01, -4.75492865e-01, -8.42106044e-01, 3.34845036e-02,
       8.17998499e-02, -9.15381359e-04, 2.51911283e-01, 2.00685337e-01,
       6.53161481e-02, 5.82308292e-01, -4.59635526e-01, 1.49715304e+00,
       1.22947001e+00, 3.07023525e-01, -2.03940678e+00, 1.25162855e-01,
       4.99830067e-01, -2.90652990e-01, -6.74705088e-01, -7.64673591e-01,
       -1.75135827e+00, -1.89838901e-01, -1.53014266e+00, 7.85896897e-01,
       3.57773244e-01, -3.62358481e-01, 2.06002459e-01, -2.38146037e-01,
       1.85317075e+00, -1.76788285e-01, -4.62381244e-02, 1.69106752e-01,
       5.27794838e-01, -3.50450985e-02, -8.34450349e-02, -1.43143103e-01,
       -4.10085559e-01, -7.75384188e-01, 7.54384220e-01, -2.51412600e-01,
       -7.49584079e-01, 5.21804214e-01, -4.61789429e-01, 9.17241909e-03,
       2.46723562e-01, -5.08559525e-01, 1.08382225e+00, 4.56000000e-01,
       -1.20255418e-01, -1.51517570e-01, 1.74666539e-01, -1.82400197e-01,
       -1.76834017e-01, 5.76660693e-01, 2.20449239e-01, -6.73798859e-01,
       -8.33417416e-01, 1.29445326e+00, -8.09870601e-01, -3.07935536e-01,
       6.31665289e-01, 1.49364039e-01, 8.29133272e-01, -8.70248228e-02,
       1.54786602e-01, 1.29581735e-01, 2.99006909e-01, -3.68232578e-01,
       -8.84858072e-02, -1.56281680e-01, -8.00753951e-01, 4.19065207e-01,
       -8.30757692e-02, 1.00837564e+00, -1.29794732e-01, 6.05286479e-01,
       8.03153217e-03, 8.82995665e-01, 9.42467600e-02, 1.14360845e+00,
       -2.21582025e-01, -7.88624167e-01, 5.24334133e-01, 4.00239527e-01,
       -2.17417836e-01, -8.30936134e-01, 7.37662435e-01, 3.96822542e-01,
       6.36619106e-02, 3.72501284e-01, 1.01346612e+00, -3.55789959e-01,
       1.00295758e+00, 5.72044134e-01, -3.92736942e-01, -6.40518606e-01,
       -1.80238947e-01, 7.29982257e-01, -1.22695521e-01, 3.59100252e-02,
       9.54114616e-01, -3.96211058e-01, 7.30493426e-01, -8.95358980e-01,
       1.33655429e+00, 3.24268728e-01, -5.82594991e-01, -1.56596434e+00,
       5.73899746e-01, -5.04181504e-01, 7.49878824e-01, 8.62866864e-02,
       4.95628953e-01, 1.37336218e+00, 1.20680332e+00, 2.13697702e-01,
       9.72243011e-01, 2.11023733e-01, -1.20654380e+00, 2.20136702e-01,
       -6.63030818e-02, -1.11769664e+00, -3.65648150e-01, 5.54404199e-01,
       -4.44758296e-01, 5.97279847e-01, 6.18986607e-01, 1.89518726e+00,
       -3.72329593e-01, -9.59314287e-01, -1.00448942e+00, 5.84432542e-01,
       2.86960810e-01, -4.76739347e-01, -5.54763198e-01, 5.69615006e-01,
       5.20026803e-01, -7.01908827e-01, -1.48065078e+00, -1.26852795e-01,
       -1.40064240e+00, 3.41191530e-01, 2.29858264e-01, -2.44351581e-01,
       1.23027563e+00, -5.05803525e-01, 5.82912087e-01, 9.27309394e-02,
       1.48217946e-01, -3.81449372e-01, -1.06098711e+00, -5.99690080e-02,
       1.45841166e-01, -5.26095390e-01, 3.18661153e-01, -6.67494595e-01,
       -1.61296263e-01, -3.49977076e-01, 2.80294806e-01, -7.32669294e-01,
       -5.32460988e-01, -5.68249166e-01, 2.69783139e-01, -3.60055745e-01,
       2.56210834e-01, 8.55828166e-01, 8.50403681e-02, 2.22421996e-02,
       7.78152049e-01, 1.32607520e-01, -1.39729881e+00, -1.94870196e-02,
       5.89085162e-01, 7.82194078e-01, -6.60671711e-01, -1.12201132e-01,
       -6.23241067e-01, -9.70518589e-01, 7.03526676e-01, -1.43670633e-01,
       -6.74602762e-02, -3.67986649e-01, -1.93023890e-01,
       -2.67482370e-01, 6.98868811e-01, -3.32718790e-01, 7.76382208e-01,
       -4.95862335e-01, -2.58530289e-01, 2.25244924e-01, -1.25955686e-01,
       -6.67169467e-02, 1.76708430e-01, -3.51556122e-01, 3.71307045e-01,
       -6.59300327e-01, 1.98151276e-01, 9.67659354e-02, -2.30874673e-01,
       3.20549548e-01, -5.45058668e-01, -4.95204389e-01, -8.02657962e-01,
       -4.91112530e-01, -1.86022088e-01, -7.77252950e-03,
       -6.52072966e-01, -5.33301890e-01, 6.28193557e-01, -1.26265311e+00,
       -8.14958811e-01, -1.40652120e-01, 1.56618536e-01, 4.77440566e-01,
       2.67090827e-01, -8.76831338e-02, 5.13349622e-02, 1.93046182e-01,
       6.36989713e-01, 1.04174721e+00, 4.23103243e-01, -2.22440988e-01,
       -2.42225960e-01, -3.02509427e-01, -1.56000942e-01, 2.98274159e-01,
       3.12506258e-01, -2.61491358e-01, 5.46547830e-01, 4.59618360e-01,
       -8.60500097e-01, 6.21276796e-01, 7.04882264e-01, 7.04230011e-01,
       -2.76600480e-01, 2.99311310e-01, 9.32331145e-01, -4.99670416e-01,
       -2.97963321e-02, 4.95475918e-01, -4.80069160e-01, -5.25057495e-01,
       6.20271675e-02, -2.91149318e-01, 9.04812276e-01, 3.34992975e-01,
       -2.95679867e-01, -6.85287833e-01, 3.92577440e-01, 3.05621386e-01,
       9.36130434e-02, -6.03357553e-01, 5.77986240e-01, -2.19688565e-01,
       2.52444655e-01, 4.26517762e-02, -8.07261288e-01, -6.70559466e-01,
       2.18275547e-01, 1.18390334e+00, -6.07389331e-01, -4.10991281e-01,
       1.91545915e-02, 2.27116480e-01, -1.65249854e-01, -3.61196637e-01,
       4.72270250e-01, 7.87884831e-01, -1.31240702e+00, 1.65712073e-01,
       2.46843672e+00, -3.72666270e-01, 3.38242084e-01, -8.80742371e-01,
       -3.77819031e-01, 4.30661440e-01, 4.56258416e-01, -4.89259660e-01,
       -2.75301021e-02, 1.17484249e-01, -2.97280371e-01, -1.91274747e-01,
       -1.34852052e+00, -1.41270280e-01, 6.04667008e-01, 8.50200057e-01,
       -3.69451374e-01, 6.83355272e-01, -1.34477520e+00, -4.54445332e-01,
       6.13511980e-01, -1.07543349e+00, -3.94937009e-01, -6.75437808e-01,
       5.02433658e-01, 2.36685216e-01, -4.65716988e-01, -2.97824782e-03,
       3.86791617e-01, -2.55997032e-01, 7.12071359e-01, -5.44372976e-01,
