%YAML:1.0
---
vocabulary: !!opencv-matrix
   rows: 1
   cols: 512
   dt: f
   data: [ 1.00241631e-01, 3.62791866e-01, 2.39336282e-01,
       -6.47557795e-01, -5.74404657e-01, 3.47011983e-01, 5.24832904e-01,
       -1.20879859e-01, 2.76106596e-01, 9.31406081e-01, -1.62625983e-01,
       -6.59738362e-01, 6.38336062e-01, -9.87953305e-01, 9.51150060e-02,
       -4.63182330e-01, 1.30239022e+00, 8.38734582e-02, 4.73533012e-02,
       -3.25324148e-01, -1.47924766e-01, -6.37915432e-01, 7.62685537e-01,
       1.74903814e-02, -4.94836509e-01, 9.43243265e-01, 7.97146022e-01,
       -3.13988551e-02, -7.62502670e-01, -1.16703257e-01,
       -1.04854178e+00, 2.44338643e-02, 7.75338590e-01, -1.02868959e-01,
       -1.19074631e+00, -7.51608193e-01, -2.91249841e-01, 2.30728552e-01,
       1.09272420e+00, -8.64811540e-01, -7.56369978e-02, 5.68960488e-01,
       9.21064973e-01, -3.43188852e-01, -3.69381636e-01, 7.61444986e-01,
       -3.67133617e-02, -1.02755201e+00, -1.63818136e-01, 3.49420846e-01,
       7.59761810e-01, -5.73268712e-01, 4.21511650e-01, -1.48243040e-01,
       -1.71463564e-01, 9.58676517e-01, 1.27623314e-02, 4.50545043e-01,
       -4.37753469e-01, 7.95657337e-01, 7.33716860e-02, -9.06632423e-01,
       6.42750919e-01, -2.01315925e-01, -1.71568260e-01, -4.26509589e-01,
       1.96192220e-01, 4.39831138e-01, 1.24356198e+00, -1.15104878e+00,
       -8.87273967e-01, -9.07169282e-02, -1.46634385e-01, 3.55226666e-01,
       -3.44978780e-01, -3.65766615e-01, -4.90500867e-01, 2.17269808e-02,
       3.05532068e-01, 9.28125530e-02, -2.36227751e-01, -1.16096258e+00,
       -8.00719500e-01, 8.76286477e-02, 5.74823320e-01, -2.21496284e-01,
       -3.79941612e-02, 1.32511473e+00, 1.12166119e+00, 6.70381248e-01,
       -5.76564610e-01, 2.30489969e-01, -3.59049410e-01, -2.02418298e-01,
       -1.41524124e+00, 2.32948095e-01, 4.78861749e-01, -4.05831397e-01,
       6.44272625e-01, -5.09278893e-01, -4.86595839e-01, 7.97696710e-01,
       -1.32258129e+00, -3.74424905e-01, 2.09304050e-01, 4.36554700e-01,
       1.28648281e-01, 3.51941794e-01, 6.65558219e-01, -4.10787702e-01,
       -2.89557695e-01, -3.14270765e-01, -5.37458956e-02, 3.45999241e-01,
       -1.13839662e+00, 3.16575706e-01, -1.86210230e-01, -2.96403207e-02,
       4.33993459e-01, -2.45290220e-01, -3.12402189e-01, -1.05652547e+00,
       -2.53449142e-01, 4.11421090e-01, -6.05932102e-02, -5.00433683e-01,
       8.19034994e-01, -1.00230649e-01, -1.01012498e-01, 2.35318407e-01,
       -2.47613147e-01, 1.65905163e-01, 1.48779705e-01, 8.65496814e-01,
       5.61549217e-02, -4.90655780e-01, 6.59869254e-01, 1.47280768e-01,
       -4.85271811e-02, -8.85377467e-01, -6.73225522e-01, 1.04572284e+00,
       1.26432300e-01, 3.46230388e-01, 3.73911738e-01, -6.00740016e-01,
       3.11160713e-01, 1.68762699e-01, 4.13749993e-01, 4.18984406e-02,
       -1.10078879e-01, 2.83550501e-01, 2.74917215e-01, -7.91424066e-02,
       1.06150007e+00, 9.86029685e-01, 8.77497077e-01, 3.96104038e-01,
       -5.41144609e-01, -2.82485157e-01, -3.30648661e-01, 5.54923475e-01,
       -4.29094844e-02, -5.08039668e-02, -5.08957505e-01,
       -9.46757972e-01, 5.46193384e-02, 1.07219458e-01, 1.50752766e-02,
       7.40969181e-02, 5.76039672e-01, 3.92158985e-01, 7.27437258e-01,
       1.43965292e+00, 6.52362406e-02, 2.11398050e-01, 2.58316789e-02,
       -1.29059196e-01, 9.64991450e-02, 2.41990209e-01, -6.08320385e-02,
       -7.53441274e-01, 2.10828841e-01, 1.33537158e-01, 2.15862431e-02,
       5.61098695e-01, 4.23502117e-01, -1.23713695e-01, -3.91951740e-01,
       8.83977234e-01, 5.54499686e-01, 2.59939224e-01, 5.49759924e-01,
       4.17972207e-01, -3.78439069e-01, -8.35230649e-01, -1.30420178e-01,
       4.83424008e-01, -8.52348208e-01, 9.20591474e-01, 7.99178302e-01,
       -4.33313489e-01, -6.09883904e-01, -7.01545477e-01,
       -4.53013629e-01, -1.01955032e+00, -1.93890169e-01,
       -1.39828727e-01, -4.16018724e-01, 7.04530835e-01, 6.08073175e-01,
       -6.66665845e-03, -4.69985813e-01, 2.56643891e-01, 8.99424732e-01,
       -7.84315944e-01, 6.42967641e-01, 4.66319978e-01, -2.56610900e-01,
       4.76192862e-01, -8.93198192e-01, 3.75839859e-01, -5.40406525e-01,
       -1.98822379e-01, 9.46112037e-01, -1.09433226e-01, 6.99776649e-01,
       6.54330790e-01, 1.50149882e-01, 2.17228457e-01, -9.22757506e-01,
       -1.73124775e-01, -1.44798592e-01, 3.94714236e-01, 5.48287511e-01,
       -8.44118595e-02, 1.75269693e-01, 4.65025932e-01, 4.18015480e-01,
       -5.20093501e-01, -3.21445733e-01, 3.56370866e-01, -4.42650080e-01,
       4.01535779e-01, -8.08604062e-02, 3.41440618e-01, 7.86605552e-02,
       -7.24301860e-02, -9.50588465e-01, 5.31353772e-01, 2.27570489e-01,
       2.28720680e-01, -1.84069499e-01, -4.60299730e-01, -1.56907961e-01,
       9.50478688e-02, 7.73372531e-01, 2.43102372e-01, 5.20042419e-01,
       5.05063236e-01, -3.25432897e-01, -6.27342045e-01, -2.19891295e-01,
       -2.01636940e-01, -2.79519092e-02, 4.95844871e-01, -2.27444172e-01,
       -1.90439746e-01, 1.00434935e+00, 3.92860144e-01, 2.26924554e-01,
       -4.21603084e-01, 2.79608011e-01, 4.01090324e-01, 5.51980197e-01,
       -2.23458990e-01, 1.37291074e+00, 1.56399548e-01, -1.67254150e-01,
       2.65013948e-02, 4.13516045e-01, -3.92335653e-01, 3.04932296e-01,
       1.05988073e+00, 8.02550852e-01, -7.25355387e-01, -4.89993930e-01,
       2.22578213e-01, 1.08001493e-01, -2.44088352e-01, -8.06494474e-01,
       6.40438020e-01, 2.02047899e-01, 7.39359319e-01, -1.69388920e-01,
       -3.96509795e-03, 1.30739614e-01, 1.97627947e-01, 6.66004866e-02,
       7.92810097e-02, 7.79193521e-01, -1.38958490e+00, 3.14477175e-01,
       6.56520247e-01, -1.40032679e-01, 9.06286091e-02, 9.25829470e-01,
       -2.25497216e-01, -6.64514184e-01, 8.89243484e-01, 7.10806847e-01,
       9.95810926e-02, 6.69080168e-02, -4.47895318e-01, 3.83202732e-01,
       4.64034021e-01, 3.35445881e-01, 1.18777394e+00, 3.71720046e-01,
       9.29226913e-03, -3.80627692e-01, -2.99809929e-02, -1.33734569e-01,
       3.44615877e-01, -7.27272406e-02, 2.76526153e-01, 2.68786907e-01,
       4.61934119e-01, 7.15569481e-02, 3.38833034e-02, 9.70287979e-01,
       9.68003571e-02, 4.51252967e-01, 4.38368499e-01, 5.32212377e-01,
       -1.55793354e-01, 1.07479155e+00, 8.82594347e-01, 3.41200262e-01,
       4.98698831e-01, -2.97341973e-01, -6.93593249e-02, 4.72880155e-01,
       3.14264059e-01, 1.36315405e+00, 1.33675671e+00, 5.30846894e-01,
       9.48690832e-01, -4.20178115e-01, 4.14270848e-01, 3.81417036e-01,
       -6.99820042e-01, 7.98120737e-01, 4.29799378e-01, -4.11431283e-01,
       3.33942235e-01, -2.15748399e-01, 1.19487882e+00, 7.96737075e-01,
       -7.32300282e-01, 1.75262228e-01, 3.64046454e-01, -3.51733863e-01,
       -3.83543134e-01, -5.11493862e-01, -5.70848823e-01,
       -5.87715030e-01, 3.15053463e-01, -4.22687739e-01, -1.29062176e+00,
       1.00386178e+00, -3.03246260e-01, 6.99328780e-01, -2.47668758e-01,
       -3.33046734e-01, -4.65388268e-01, -2.74918079e-01, 1.45600498e-01,
       -5.75309873e-01, -6.32167533e-02, 8.66360009e-01, -5.33128738e-01,
       5.64231455e-01, -2.44457066e-01, -1.23375446e-01, -3.11132818e-01,
       2.66315788e-01, -6.30529761e-01, -2.87117511e-01, -2.31593609e-01,
       7.42315471e-01, -1.18467224e+00, -1.15742967e-01, 5.08033931e-01,
       -4.79732633e-01, 5.66388071e-01, -2.97965825e-01, -9.04700875e-01,
       -2.20001519e-01, 1.67340130e-01, -9.22176957e-01, 1.16002965e+00,
       -3.78370434e-02, 4.54673804e-02, -6.35626256e-01, 5.27749583e-02,
       -6.88868165e-02, 6.02991581e-01, 6.27502680e-01, 4.94682759e-01,
       3.55352968e-01, -4.41497058e-01, 2.47909844e-01, 1.71153650e-01,
       2.27431163e-01, -5.80337167e-01, 4.11233008e-01, -1.24236546e-01,
       4.01919127e-01, 4.08514619e-01, -1.02351211e-01, 1.26473576e-01,
       -4.93988581e-02, 7.15335667e-01, -6.24255419e-01, 4.38264966e-01,
       -3.78687471e-01, -5.60173273e-01, 1.21744633e-01, 5.36752224e-01,
       -9.94990617e-02, -1.76972449e-01, 8.11015606e-01, -3.01596314e-01,
